uniform: 0.17465938170597387
soft uniform: 0.08942460853450968
spacing: 0.051452283470656814
sparsity: 0.048438376586963997
hv: 1.235289031835489
counter: 33500
