uniform: 0.1718312992070919
soft uniform: 0.0912402576178441
spacing: 0.035617674175604325
sparsity: 0.0439675763629639
hv: 1.1910748989253441
counter: 13400
