uniform: 0.4251897060118697
soft uniform: 0.376084622754085
spacing: 1.6326460576378192
sparsity: 5.350720129442549
hv: 0.8119351069906817
counter: 4250
