uniform: 0.03306641982169499
soft uniform: -0.053101121537769046
spacing: 0.16082125996218502
sparsity: 0.052479326193435066
hv: 1.4168371127245336
counter: 249000
