uniform: 0.010645567792725682
soft uniform: -0.07628010897996496
spacing: 0.1123257568876996
sparsity: 0.038723128416100726
hv: 1.8157514070334486
counter: 249000
