uniform: 0.16972221102184742
soft uniform: 0.08532805620583839
spacing: 0.05559426023236121
sparsity: 0.048294120825945086
hv: 1.2388092463338058
counter: 33500
