uniform: 0.17801782417367656
soft uniform: 0.09148303659562412
spacing: 0.03224826626328212
sparsity: 0.04322037342636886
hv: 1.1919466080571386
counter: 13400
