uniform: 0.005136349924498406
soft uniform: -0.17723324549842517
spacing: 0.009122454407793922
sparsity: 0.00037919313774583004
hv: 1.0687080449789665
inner_product: 0.34505523632941204
cross_angle: 0.6744054846614537
pbi: 0.3752520319931704
