uniform: 0.03545774443785756
soft uniform: -0.032577349657518746
spacing: 0.688127443566433
sparsity: 0.8013916929219425
hv: 1.2886925066981367
counter: 249000
