uniform: 0.05183327121382981
soft uniform: -0.03894971182952772
spacing: 0.16106009947127484
sparsity: 0.09624953058339387
hv: 1.4407388821266323
counter: 249000
