uniform: 0.0072563042028287094
soft uniform: -0.1771445904584619
spacing: 0.0076454187917045216
sparsity: 0.00034494244687434703
hv: 1.074555553907698
inner_product: 0.3400673277137425
cross_angle: 0.6059924275118302
pbi: 0.36969424155544484
