uniform: 0.0371376235513084
soft uniform: -0.03565779541109767
spacing: 0.6352895818122946
sparsity: 0.6828946953349572
hv: 1.302005281673378
counter: 249000
