uniform: 0.046737889630149
soft uniform: -0.034397612112644034
spacing: 0.6939621199596112
sparsity: 0.8132380681531437
hv: 1.3090613648968465
counter: 249000
