uniform: 0.008987960593618984
soft uniform: -0.17609807007288655
spacing: 0.007992002105930686
sparsity: 0.0003776371994022109
hv: 1.0799664915395084
inner_product: 0.3393139187975178
cross_angle: 0.5603188552336709
pbi: 0.36674507945570306
