uniform: 0.007962111553570728
soft uniform: -0.17389417629256623
spacing: 0.009148261513655456
sparsity: 0.000438766038178836
hv: 1.0841919434374632
inner_product: 0.33962114753188344
cross_angle: 0.5883919461550653
pbi: 0.36539827752929
