uniform: 0.03295575711350078
soft uniform: -0.0497519206314799
spacing: 0.16954160070687702
sparsity: 0.05831527074950932
hv: 1.435595909569257
counter: 249000
