uniform: 0.007048110081136409
soft uniform: -0.07267233877076698
spacing: 0.07571643776076652
sparsity: 0.0398152123322395
hv: 1.7219276429130617
counter: 249000
