uniform: 0.03720842645156499
soft uniform: -0.031134152687844995
spacing: 0.6751803171511003
sparsity: 0.773045973372256
hv: 1.2881432794010328
counter: 249000
