uniform: 0.17427161834461352
soft uniform: 0.09132949873822206
spacing: 0.029720523455559002
sparsity: 0.04244029525222495
hv: 1.194718812979072
counter: 13400
