uniform: 0.16042391868859057
soft uniform: 0.09859993376151777
spacing: 1.1740913331046328
sparsity: 2.450244807784796
hv: 0.8519968004303391
counter: 4150
