uniform: 0.038035939829307724
soft uniform: -0.06570383146053117
spacing: 0.012825864034692344
sparsity: 0.0030929822596864973
hv: 1.0766807139985526
counter: 13400
