uniform: 0.04072236657635794
soft uniform: -0.05985084491178302
spacing: 0.01322848087204376
sparsity: 0.003586515368937708
hv: 1.1014962745718013
counter: 33500
