uniform: 0.2852807046859468
soft uniform: 0.2506057920698347
spacing: 0.2560252634198823
sparsity: 7.2470647282616865
hv: 0.7735152439458777
counter: 4250
