uniform: 0.019786025542114394
soft uniform: -0.05606968457788627
spacing: 0.17012222042900157
sparsity: 0.05752932236617907
hv: 1.410271928938351
counter: 249000
