uniform: 0.04882999569753306
soft uniform: -0.03841594898432175
spacing: 0.047979219084405916
sparsity: 0.010635653636008643
hv: 1.4696893882302227
counter: 249000
