uniform: 0.00934617429274285
soft uniform: -0.07330694971084116
spacing: 0.04729016241848362
sparsity: 0.00668144087883249
hv: 1.0073096929058836
counter: 6700
