uniform: 0.002928631177186123
soft uniform: -0.07375582078320568
spacing: 0.04654112121368232
sparsity: 0.006286133657264492
hv: 1.0292138257564547
counter: 13400
