uniform: 0.008158939273011336
soft uniform: -0.17582541703212953
spacing: 0.009333855957943345
sparsity: 0.0004207250579581648
hv: 1.0786223609742385
inner_product: 0.3410229678764003
cross_angle: 0.6270340739808772
pbi: 0.36863486468875506
