uniform: 0.005308083921182567
soft uniform: -0.19455312921124565
spacing: 0.0023660252289165137
sparsity: 9.533489908016927e-05
hv: 1.0715286547508025
inner_product: 0.31010208260954614
cross_angle: 2.026021063376348
pbi: 0.4011459689027849
