uniform: 0.028171351188461702
soft uniform: -0.055335995998738806
spacing: 0.16813395249365867
sparsity: 0.056420995788796446
hv: 1.411010300956176
counter: 249000
