uniform: 0.19374617038489964
soft uniform: 0.15908371957016623
spacing: 0.7979012177438004
sparsity: 433.1211509906699
hv: 1.409236838932306
counter: 249000
