uniform: 0.0028872796428830987
soft uniform: -0.10859409498201152
spacing: 0.15060279895050963
sparsity: 0.08388644741550388
hv: 1.022495575630208
counter: 13400
