uniform: 0.005688373122471107
soft uniform: -0.10420015257263274
spacing: 0.16626914027375644
sparsity: 0.2169892038549715
hv: 1.0513907078259608
counter: 33500
