uniform: 0.00561338870637054
soft uniform: -0.19498715839594505
spacing: 0.002598565375640536
sparsity: 9.491869739053515e-05
hv: 1.0705903243125616
inner_product: 0.31054717526189984
cross_angle: 2.017754274519557
pbi: 0.4013821261621599
