uniform: 0.20696999794061055
soft uniform: 0.14085376027359975
spacing: 0.2257637228545571
sparsity: 0.1981858313838697
hv: 1.015369344811469
counter: 42500
