uniform: 0.09476943215920718
soft uniform: 0.05839683536285238
spacing: 0.8916045961641733
sparsity: 1.5273540671829613
hv: 0.8390329128341116
counter: 4250
