uniform: 0.14813346326340446
soft uniform: 0.05535576794724071
spacing: 0.01315932423881129
sparsity: 0.02660884771317941
hv: 1.1422453088729076
counter: 6700
