uniform: 0.14512221766283853
soft uniform: 0.05703432132149651
spacing: 0.014065138189969146
sparsity: 0.02721415659838962
hv: 1.16741974908149
counter: 13400
