uniform: 0.0042587580375897
soft uniform: -0.17900094080887605
spacing: 0.008937341375707045
sparsity: 0.0003473122784399174
hv: 1.0660019932968423
inner_product: 0.3427732321678434
cross_angle: 0.6566350566897352
pbi: 0.37458425314666466
