uniform: 0.0047005390530336045
soft uniform: -0.19580164919228277
spacing: 0.00292969841424216
sparsity: 8.99177190129845e-05
hv: 1.0574335674883721
inner_product: 0.3175538971404041
cross_angle: 1.9563087955145657
pbi: 0.4074884890897568
