uniform: 0.00459191168620493
soft uniform: -0.10889234169970377
spacing: 0.136694340130504
sparsity: 0.14154713869161656
hv: 1.0264953505349113
counter: 13400
