uniform: 0.003983971114063605
soft uniform: -0.10458632371825013
spacing: 0.15656788607874228
sparsity: 0.19275160122316692
hv: 1.0534014267197076
counter: 33500
