uniform: 0.0033807386650803514
soft uniform: -0.10823190795676223
spacing: 0.16553563976952965
sparsity: 0.201845149606327
hv: 1.019520374637768
counter: 13400
