uniform: 0.003087243149077488
soft uniform: -0.10706610789753519
spacing: 0.14720625091842435
sparsity: 0.16740080507374527
hv: 1.0518933067768408
counter: 33500
