uniform: 0.04019017235357786
soft uniform: -0.06499226527307775
spacing: 0.01212535762305854
sparsity: 0.0031380634938669378
hv: 1.0769111288111348
counter: 13400
