uniform: 0.0389280353470514
soft uniform: -0.05979968184470667
spacing: 0.014107958111100155
sparsity: 0.0036126733660280493
hv: 1.100949549823655
counter: 33500
