uniform: 0.34525462307683286
soft uniform: 0.2980458865224139
spacing: 0.7635642473614802
sparsity: 1.6170832008698648
hv: 2.031703442000764
counter: 249000
