uniform: 0.07406798483063412
soft uniform: -0.020089529847776615
spacing: 0.024557933756930786
sparsity: 0.017516436165421354
hv: 1.5372436972520593
counter: 249000
