uniform: 0.1138582807236939
soft uniform: 0.04348078760482325
spacing: 2.3142539757659
sparsity: 611.457166834786
hv: 1.40415862477629
counter: 249000
