uniform: 0.1884768077807838
soft uniform: 0.09615855018880567
spacing: 0.01412412773303376
sparsity: 0.0414083361501032
hv: 1.1665800234685288
counter: 6700
