uniform: 0.1831978887648426
soft uniform: 0.09113614996751368
spacing: 0.02898547967657687
sparsity: 0.042342491904162366
hv: 1.1909023283859255
counter: 13400
