uniform: 0.346846565030559
soft uniform: 0.2995324507749391
spacing: 0.6934325982415962
sparsity: 1.4181619475580645
hv: 2.014259566599603
counter: 249000
