uniform: 0.011418073877321796
soft uniform: -0.06974545512721056
spacing: 0.09101080084214483
sparsity: 0.03732413666868372
hv: 1.8153043889811131
counter: 249000
