uniform: 0.09070959782535909
soft uniform: 0.05591282645710125
spacing: 0.4463028640994582
sparsity: 0.5424671707648897
hv: 1.193860568696643
counter: 13400
