uniform: 0.09270687139732191
soft uniform: 0.057930640017570624
spacing: 1.3631668215664128
sparsity: 3.481382955784962
hv: 1.167353001122902
counter: 6700
