uniform: 0.3153842093766379
soft uniform: 0.2778028256460045
spacing: 0.7165588854489158
sparsity: 1.5047493028518182
hv: 2.0550970756802163
counter: 249000
