uniform: 0.07357391982689782
soft uniform: 0.03795440866678933
spacing: 0.8376567284530321
sparsity: 1.3611947626591858
hv: 0.7996267759573534
counter: 850
