uniform: 0.04644100054004284
soft uniform: -0.03890521312406851
spacing: 0.04530005437833989
sparsity: 0.010113931309626237
hv: 1.4922299291102077
counter: 249000
