uniform: 0.029351886294365886
soft uniform: -0.06475592583185631
spacing: 0.18519837862847247
sparsity: 0.08724370435836278
hv: 1.4076174771845587
counter: 249000
