uniform: 0.007676907657049697
soft uniform: -0.17522790553602932
spacing: 0.009279927905827837
sparsity: 0.0004216584461186107
hv: 1.0785878339833135
inner_product: 0.34168843229468926
cross_angle: 0.6363953435028195
pbi: 0.369653875750749
