uniform: 0.00470882061796457
soft uniform: -0.10402565883172146
spacing: 0.15537150486108323
sparsity: 0.19304342127294888
hv: 1.0550132629151192
counter: 33500
