uniform: 0.0035630682448888023
soft uniform: -0.10774828264666614
spacing: 0.12984762213902645
sparsity: 0.13016728066374267
hv: 1.0282267946959243
counter: 13400
