uniform: 0.03658328057240979
soft uniform: -0.05559752686189976
spacing: 0.1705105585265086
sparsity: 0.05758870479503042
hv: 1.4210809020892556
counter: 249000
