uniform: 0.08549847533325493
soft uniform: 0.012615589838342508
spacing: 0.19087853299448085
sparsity: 0.097249778758245
hv: 1.3226810143111605
counter: 83000
