uniform: 0.09091623139669043
soft uniform: 0.0550513083295693
spacing: 0.7968887633163094
sparsity: 1.2480998373982501
hv: 0.8405140585294846
counter: 4250
