uniform: 0.21127774734607632
soft uniform: 0.13996968281983826
spacing: 0.2323947956674751
sparsity: 0.203646932130726
hv: 1.0169909775551627
counter: 42500
