uniform: 0.1505187346339739
soft uniform: 0.05951766019281944
spacing: 0.008761607002906896
sparsity: 0.0275965141388185
hv: 1.1438233213397042
counter: 6700
