uniform: 0.14494515229823798
soft uniform: 0.05907775213447303
spacing: 0.016157474282641148
sparsity: 0.028133469367203692
hv: 1.1673735035545476
counter: 13400
