uniform: 0.0385985636737918
soft uniform: -0.049966034630332626
spacing: 0.16079609137438972
sparsity: 0.05348702934101722
hv: 1.4169696974409862
counter: 249000
