uniform: 0.005194687626027399
soft uniform: -0.1935452553558599
spacing: 0.0028592496356228555
sparsity: 0.00010859192146074305
hv: 1.0790878184879586
inner_product: 0.3054320778363407
cross_angle: 2.1174013110238525
pbi: 0.39911243273064
