uniform: 0.3329360513524231
soft uniform: 0.29357360807793026
spacing: 0.7135321385942902
sparsity: 1.4903294754275216
hv: 2.023520088214734
counter: 249000
