uniform: 0.009287129447689918
soft uniform: -0.17653820971232934
spacing: 0.007498950530159206
sparsity: 0.00036299871588222715
hv: 1.0776097662275945
inner_product: 0.340810279751925
cross_angle: 0.5811510244926705
pbi: 0.36931848589644134
