uniform: 0.06622720498751634
soft uniform: -0.021643205858028012
spacing: 0.035375819457986166
sparsity: 0.019094348114598075
hv: 1.5323914287160256
counter: 249000
