uniform: 0.0022170600174891376
soft uniform: -0.07431984614284978
spacing: 0.0514383374380099
sparsity: 0.009675641963168799
hv: 1.034375750409825
counter: 13400
