uniform: 0.005127976386064987
soft uniform: -0.07892704116628418
spacing: 0.05181993935990022
sparsity: 0.011154533899348248
hv: 1.0062010107337382
counter: 6700
