uniform: 0.0028758462453963556
soft uniform: -0.10605341336791736
spacing: 0.14896912766922868
sparsity: 0.17241269592110436
hv: 1.053324171813414
counter: 33500
