uniform: 0.0040231785597063694
soft uniform: -0.10880973094345407
spacing: 0.158476837754734
sparsity: 0.18511088400212478
hv: 1.0195623609293993
counter: 13400
