uniform: 0.18066818513655059
soft uniform: 0.09172739028787569
spacing: 0.029107371565977733
sparsity: 0.04254481626189606
hv: 1.1930312863878696
counter: 13400
