uniform: 0.1895341811031621
soft uniform: 0.09803396837381838
spacing: 0.008571571125507672
sparsity: 0.04222912592594798
hv: 1.1695673784918834
counter: 6700
