uniform: 0.16352668518988292
soft uniform: 0.08303541588056362
spacing: 0.6836077393169666
sparsity: 0.90689526671778
hv: 1.1269541408463362
counter: 13400
