uniform: 0.16173130809179817
soft uniform: 0.08727113154474347
spacing: 1.0194579332700586
sparsity: 1.8801228623965347
hv: 1.1020732482578741
counter: 6700
