uniform: 0.00870347912013388
soft uniform: -0.07692215819795359
spacing: 0.09765509273366837
sparsity: 0.1137391570652892
hv: 1.8163875707390384
counter: 249000
