uniform: 0.036766503228827616
soft uniform: -0.06695679467381678
spacing: 0.013319665588578564
sparsity: 0.0030189375227581746
hv: 1.0736684079698329
counter: 13400
