uniform: 0.039365901042251024
soft uniform: -0.05983597599895248
spacing: 0.014970156028124175
sparsity: 0.003695271997374637
hv: 1.1009024457162504
counter: 33500
