uniform: 0.023348522537968503
soft uniform: -0.014268173061094144
spacing: 1.2615660551296866
sparsity: 589.8622662806954
hv: 1.3731873747545311
counter: 249000
