uniform: 0.038496610821471725
soft uniform: -0.06137647432875202
spacing: 0.014004574073073088
sparsity: 0.003483820966319829
hv: 1.0991995106242374
counter: 33500
