uniform: 0.03871788105235129
soft uniform: -0.06560393893918334
spacing: 0.012273334835774634
sparsity: 0.0030753375301684283
hv: 1.0766439703112085
counter: 13400
