uniform: 0.038370043137447914
soft uniform: -0.06563897923319804
spacing: 0.012429032853767135
sparsity: 0.0030762694464893546
hv: 1.077096846252872
counter: 13400
