uniform: 0.040747248738137926
soft uniform: -0.062128240580607154
spacing: 0.01446972650698279
sparsity: 0.003510592741216051
hv: 1.1032578164978826
counter: 33500
