uniform: 0.04139934267506929
soft uniform: -0.05748514527830918
spacing: 0.17184795705248063
sparsity: 0.07909606308079177
hv: 1.4243701534928674
counter: 249000
