uniform: 0.16538594161851458
soft uniform: 0.07130847044423445
spacing: 0.007752647547191913
sparsity: 0.03151390732335342
hv: 1.1566887049066636
counter: 13400
