uniform: 0.16789764353898956
soft uniform: 0.08128915058994848
spacing: 0.01304984799194341
sparsity: 0.03604414531352458
hv: 1.1208331204862065
counter: 6700
