uniform: 0.17526752190179293
soft uniform: 0.09036202096113773
spacing: 0.03665239699498989
sparsity: 0.043994805936257486
hv: 1.1902515601535102
counter: 13400
