uniform: 0.18374990544431433
soft uniform: 0.09456566064971555
spacing: 0.020094173426076268
sparsity: 0.041674779665547515
hv: 1.1704442692433825
counter: 6700
