uniform: 0.086324105768452
soft uniform: 0.03029272355871923
spacing: 1.8970282176803535
sparsity: 448.2244116661707
hv: 1.4108906865682727
counter: 249000
