uniform: 0.10152235504725651
soft uniform: 0.06686499224844424
spacing: 0.6187673812350437
sparsity: 431.18082364831525
hv: 1.3662439533981638
counter: 249000
