uniform: 0.005037572903191598
soft uniform: -0.08339627573228955
spacing: 0.10243421754835468
sparsity: 0.057569001089857325
hv: 1.7990625322535627
counter: 249000
