uniform: 0.034413899671745345
soft uniform: -0.03549804080512802
spacing: 0.6489597662441388
sparsity: 0.7223905006048223
hv: 1.2948114149058543
counter: 249000
