uniform: 0.14302063187771036
soft uniform: 0.08119033055397933
spacing: 0.9914048653404346
sparsity: 1.777098824654673
hv: 1.0915026052265775
counter: 6700
