uniform: 0.16335869740368708
soft uniform: 0.08420374348278645
spacing: 0.6500439066536419
sparsity: 0.832232940899345
hv: 1.1296973095248934
counter: 13400
