uniform: 0.2830222066147741
soft uniform: 0.24733299810019668
spacing: 0.6924594576476746
sparsity: 1.386596624076319
hv: 2.0003560966774216
counter: 249000
