uniform: 0.05171624790803367
soft uniform: -0.050261232717197346
spacing: 0.15391147195094015
sparsity: 0.14783217766224901
hv: 1.4143113420569295
counter: 249000
