uniform: 0.09256304983283672
soft uniform: 0.05774525632734665
spacing: 1.310295513212146
sparsity: 3.228536014376359
hv: 1.163608805875887
counter: 6700
