uniform: 0.09162560286957334
soft uniform: 0.05684477508885403
spacing: 0.4342382761403439
sparsity: 0.5277499267356958
hv: 1.197165106944706
counter: 13400
