uniform: 0.15256346391356765
soft uniform: 0.07546319901858031
spacing: 0.021713114421955473
sparsity: 0.035575402105003776
hv: 1.1235021906859934
counter: 6700
