uniform: 0.15360852273855127
soft uniform: 0.06867000117582707
spacing: 0.01288336173721971
sparsity: 0.03147085400713401
hv: 1.1549419599276258
counter: 13400
