uniform: 0.04526365942299617
soft uniform: -0.02251059828003819
spacing: 0.05854589083548334
sparsity: 0.016060686226551546
hv: 1.3034373106991848
counter: 83000
