uniform: 0.07893992247948507
soft uniform: -0.015673327777403726
spacing: 0.027164175776243124
sparsity: 0.011172019639896835
hv: 1.5453584878293705
counter: 249000
