uniform: 0.09593455137528144
soft uniform: 0.059723026762528296
spacing: 0.8920032878175217
sparsity: 1.5283210518664307
hv: 0.8387927679230456
counter: 4250
