uniform: 0.20930546710423523
soft uniform: 0.14130281755270876
spacing: 0.19415674344161615
sparsity: 0.16844879816871322
hv: 1.0158944515466999
counter: 42500
